18 0.25 0.025
18 0.25 0.05
18 0.25 0.075
18 0.25 0.1
18 0.25 0.15
18 0.25 0.2
18 0.5 0.025
18 0.5 0.05
18 0.5 0.075
18 0.5 0.1
18 0.5 0.15
18 0.5 0.2
18 1.0 0.025
18 1.0 0.05
18 1.0 0.075
18 1.0 0.1
18 1.0 0.15
18 1.0 0.2
18 1.5 0.025
18 1.5 0.05
18 1.5 0.075
18 1.5 0.1
18 1.5 0.15
18 1.5 0.2
18 2.0 0.025
18 2.0 0.05
18 2.0 0.075
18 2.0 0.1
18 2.0 0.15
18 2.0 0.2
18 2.5 0.025
18 2.5 0.05
18 2.5 0.075
18 2.5 0.1
18 2.5 0.15
18 2.5 0.2
34 0.25 0.025
34 0.25 0.05
34 0.25 0.075
34 0.25 0.1
34 0.25 0.15
34 0.25 0.2
34 0.5 0.025
34 0.5 0.05
34 0.5 0.075
34 0.5 0.1
34 0.5 0.15
34 0.5 0.2
34 1.0 0.025
34 1.0 0.05
34 1.0 0.075
34 1.0 0.1
34 1.0 0.15
34 1.0 0.2
34 1.5 0.025
34 1.5 0.05
34 1.5 0.075
34 1.5 0.1
34 1.5 0.15
34 1.5 0.2
34 2.0 0.025
34 2.0 0.05
34 2.0 0.075
34 2.0 0.1
34 2.0 0.15
34 2.0 0.2
34 2.5 0.025
34 2.5 0.05
34 2.5 0.075
34 2.5 0.1
34 2.5 0.15
34 2.5 0.2
101 0.25 0.025
101 0.25 0.05
101 0.25 0.075
101 0.25 0.1
101 0.25 0.15
101 0.25 0.2
101 0.5 0.025
101 0.5 0.05
101 0.5 0.075
101 0.5 0.1
101 0.5 0.15
101 0.5 0.2
152 0.25 0.025
152 0.25 0.05
152 0.25 0.075
152 0.25 0.1
152 0.25 0.15
152 0.25 0.2
152 0.5 0.025
152 0.5 0.05
152 0.5 0.075
152 0.5 0.1
152 0.5 0.15
152 0.5 0.2