18 0.25 0.01
18 0.5 0.01
18 1 0.01
18 1.5 0.01
18 2 0.01
18 2.5 0.01
18 0.25 0.025
18 0.5 0.025
18 1 0.025
18 1.5 0.025
18 2 0.025
18 2.5 0.025
18 0.25 0.05
18 0.5 0.05
18 1 0.05
18 1.5 0.05
18 2 0.05
18 2.5 0.05
18 0.25 0.075
18 0.5 0.075
18 1 0.075
18 1.5 0.075
18 2 0.075
18 2.5 0.075
18 0.25 0.1
18 0.5 0.1
18 1 0.1
18 1.5 0.1
18 2 0.1
18 2.5 0.1
18 0.25 0.15
18 0.5 0.15
18 1 0.15
18 1.5 0.15
18 2 0.15
18 2.5 0.15
18 0.25 0.2
18 0.5 0.2
18 1 0.2
18 1.5 0.2
18 2 0.2
18 2.5 0.2
34 0.25 0.01
34 0.5 0.01
34 1 0.01
34 1.5 0.01
34 2 0.01
34 2.5 0.01
34 0.25 0.025
34 0.5 0.025
34 1 0.025
34 1.5 0.025
34 2 0.025
34 2.5 0.025
34 0.25 0.05
34 0.5 0.05
34 1 0.05
34 1.5 0.05
34 2 0.05
34 2.5 0.05
34 0.25 0.075
34 0.5 0.075
34 1 0.075
34 1.5 0.075
34 2 0.075
34 2.5 0.075
34 0.25 0.1
34 0.5 0.1
34 1 0.1
34 1.5 0.1
34 2 0.1
34 2.5 0.1
34 0.25 0.15
34 0.5 0.15
34 1 0.15
34 1.5 0.15
34 2 0.15
34 2.5 0.15
34 0.25 0.2
34 0.5 0.2
34 1 0.2
34 1.5 0.2
34 2 0.2
34 2.5 0.2